[
    {
        "main/loss": 0.23719135080464185,
        "main/accuracy": 0.9310666713242729,
        "validation/main/loss": 0.08991674465942197,
        "validation/main/accuracy": 0.9712000060081482,
        "epoch": 1,
        "iteration": 600,
        "elapsed_time": 45.528189329997986
    }
]